Grading at 09/04/2017:16:51:28.551127
For commit ID 7ee77069b012a4a4f06ad80546e1e8c8ea044f00
Attempting to compile retirement.c
Checking for struct _retire_info
Found on line 4, column 1 
Checking for field int months
Found on line 5, column 3 
Checking for field double contribution
Found on line 6, column 3 
Checking for field double rate_of_return
Found on line 7, column 3 
Checking for typedef of struct _retire_info to retire_info
Found on line 9, column 1 
Checking for void retirement (int startAge, double initial,  retire_info working,  retire_info retired)
Found on line 18, column 1 
Checking for int main(void)
Found on line 23, column 1 
Trying to run retirement calculator..
Your file matched the expected output
Removing your main() and replacing it with our own to run more tests...
                |         Working              |        Retired         
 Age | Initial  | Saving  |   Rate    | Months | Spending |   Rate    | Months | Result
 240 |     0.00 | 1234.00 | 0.0026700 |   597  | -3567.00 | 0.0009600 |   211  | Correct
 240 |     0.00 | 1234.00 | 0.0026700 |   597  | -3567.00 | 0.0009600 |   404  | Correct
 240 |     0.00 | 1234.00 | 0.0026700 |   597  | -3567.00 | 0.0049600 |   228  | Correct
 240 |     0.00 | 1234.00 | 0.0026700 |   597  | -3567.00 | 0.0049600 |   375  | Correct
 240 |     0.00 | 1234.00 | 0.0026700 |   597  | -6534.00 | 0.0009600 |   215  | Correct
 240 |     0.00 | 1234.00 | 0.0026700 |   597  | -6534.00 | 0.0009600 |   370  | Correct
 240 |     0.00 | 1234.00 | 0.0026700 |   597  | -6534.00 | 0.0044300 |   215  | Correct
 240 |     0.00 | 1234.00 | 0.0026700 |   597  | -6534.00 | 0.0044300 |   392  | Correct
 240 |     0.00 | 1234.00 | 0.0026700 |   611  | -3567.00 | 0.0000900 |   224  | Correct
 240 |     0.00 | 1234.00 | 0.0026700 |   611  | -3567.00 | 0.0000900 |   388  | Correct
 240 |     0.00 | 1234.00 | 0.0026700 |   611  | -3567.00 | 0.0040700 |   208  | Correct
 240 |     0.00 | 1234.00 | 0.0026700 |   611  | -3567.00 | 0.0040700 |   377  | Correct
 240 |     0.00 | 1234.00 | 0.0026700 |   611  | -6534.00 | 0.0001900 |   224  | Correct
 240 |     0.00 | 1234.00 | 0.0026700 |   611  | -6534.00 | 0.0001900 |   402  | Correct
 240 |     0.00 | 1234.00 | 0.0026700 |   611  | -6534.00 | 0.0043100 |   218  | Correct
 240 |     0.00 | 1234.00 | 0.0026700 |   611  | -6534.00 | 0.0043100 |   376  | Correct
 240 |     0.00 | 1234.00 | 0.0056700 |   597  | -3567.00 | 0.0004200 |   207  | Correct
 240 |     0.00 | 1234.00 | 0.0056700 |   597  | -3567.00 | 0.0004200 |   391  | Correct
 240 |     0.00 | 1234.00 | 0.0056700 |   597  | -3567.00 | 0.0046200 |   227  | Correct
 240 |     0.00 | 1234.00 | 0.0056700 |   597  | -3567.00 | 0.0046200 |   375  | Correct
 240 |     0.00 | 1234.00 | 0.0056700 |   597  | -6534.00 | 0.0007300 |   215  | Correct
 240 |     0.00 | 1234.00 | 0.0056700 |   597  | -6534.00 | 0.0007300 |   398  | Correct
 240 |     0.00 | 1234.00 | 0.0056700 |   597  | -6534.00 | 0.0045000 |   228  | Correct
 240 |     0.00 | 1234.00 | 0.0056700 |   597  | -6534.00 | 0.0045000 |   384  | Correct
 240 |     0.00 | 1234.00 | 0.0056700 |   613  | -3567.00 | 0.0009100 |   206  | Correct
 240 |     0.00 | 1234.00 | 0.0056700 |   613  | -3567.00 | 0.0009100 |   390  | Correct
 240 |     0.00 | 1234.00 | 0.0056700 |   613  | -3567.00 | 0.0047700 |   216  | Correct
 240 |     0.00 | 1234.00 | 0.0056700 |   613  | -3567.00 | 0.0047700 |   400  | Correct
 240 |     0.00 | 1234.00 | 0.0056700 |   613  | -6534.00 | 0.0006900 |   217  | Correct
 240 |     0.00 | 1234.00 | 0.0056700 |   613  | -6534.00 | 0.0006900 |   372  | Correct
 240 |     0.00 | 1234.00 | 0.0056700 |   613  | -6534.00 | 0.0049800 |   210  | Correct
 240 |     0.00 | 1234.00 | 0.0056700 |   613  | -6534.00 | 0.0049800 |   409  | Correct
 240 |     0.00 | 3170.00 | 0.0026700 |   597  | -3567.00 | 0.0008100 |   219  | Correct
 240 |     0.00 | 3170.00 | 0.0026700 |   597  | -3567.00 | 0.0008100 |   383  | Correct
 240 |     0.00 | 3170.00 | 0.0026700 |   597  | -3567.00 | 0.0048000 |   220  | Correct
 240 |     0.00 | 3170.00 | 0.0026700 |   597  | -3567.00 | 0.0048000 |   399  | Correct
 240 |     0.00 | 3170.00 | 0.0026700 |   597  | -6534.00 | 0.0005900 |   226  | Correct
 240 |     0.00 | 3170.00 | 0.0026700 |   597  | -6534.00 | 0.0005900 |   407  | Correct
 240 |     0.00 | 3170.00 | 0.0026700 |   597  | -6534.00 | 0.0043900 |   205  | Correct
 240 |     0.00 | 3170.00 | 0.0026700 |   597  | -6534.00 | 0.0043900 |   409  | Correct
 240 |     0.00 | 3170.00 | 0.0026700 |   591  | -3567.00 | 0.0009700 |   206  | Correct
 240 |     0.00 | 3170.00 | 0.0026700 |   591  | -3567.00 | 0.0009700 |   392  | Correct
 240 |     0.00 | 3170.00 | 0.0026700 |   591  | -3567.00 | 0.0040900 |   232  | Correct
 240 |     0.00 | 3170.00 | 0.0026700 |   591  | -3567.00 | 0.0040900 |   370  | Correct
 240 |     0.00 | 3170.00 | 0.0026700 |   591  | -6534.00 | 0.0000100 |   227  | Correct
 240 |     0.00 | 3170.00 | 0.0026700 |   591  | -6534.00 | 0.0000100 |   379  | Correct
 240 |     0.00 | 3170.00 | 0.0026700 |   591  | -6534.00 | 0.0048200 |   229  | Correct
 240 |     0.00 | 3170.00 | 0.0026700 |   591  | -6534.00 | 0.0048200 |   388  | Correct
 240 |     0.00 | 3170.00 | 0.0056700 |   597  | -3567.00 | 0.0005700 |   228  | Correct
 240 |     0.00 | 3170.00 | 0.0056700 |   597  | -3567.00 | 0.0005700 |   390  | Correct
 240 |     0.00 | 3170.00 | 0.0056700 |   597  | -3567.00 | 0.0048300 |   222  | Correct
 240 |     0.00 | 3170.00 | 0.0056700 |   597  | -3567.00 | 0.0048300 |   379  | Correct
 240 |     0.00 | 3170.00 | 0.0056700 |   597  | -6534.00 | 0.0000600 |   230  | Correct
 240 |     0.00 | 3170.00 | 0.0056700 |   597  | -6534.00 | 0.0000600 |   392  | Correct
 240 |     0.00 | 3170.00 | 0.0056700 |   597  | -6534.00 | 0.0046500 |   212  | Correct
 240 |     0.00 | 3170.00 | 0.0056700 |   597  | -6534.00 | 0.0046500 |   406  | Correct
 240 |     0.00 | 3170.00 | 0.0056700 |   598  | -3567.00 | 0.0001200 |   214  | Correct
 240 |     0.00 | 3170.00 | 0.0056700 |   598  | -3567.00 | 0.0001200 |   406  | Correct
 240 |     0.00 | 3170.00 | 0.0056700 |   598  | -3567.00 | 0.0047300 |   208  | Correct
 240 |     0.00 | 3170.00 | 0.0056700 |   598  | -3567.00 | 0.0047300 |   394  | Correct
 240 |     0.00 | 3170.00 | 0.0056700 |   598  | -6534.00 | 0.0000200 |   232  | Correct
 240 |     0.00 | 3170.00 | 0.0056700 |   598  | -6534.00 | 0.0000200 |   371  | Correct
 240 |     0.00 | 3170.00 | 0.0056700 |   598  | -6534.00 | 0.0048400 |   232  | Correct
 240 |     0.00 | 3170.00 | 0.0056700 |   598  | -6534.00 | 0.0048400 |   396  | Correct
 240 | 11705.55 | 1234.00 | 0.0026700 |   597  | -3567.00 | 0.0002800 |   222  | Correct
 240 | 11705.55 | 1234.00 | 0.0026700 |   597  | -3567.00 | 0.0002800 |   391  | Correct
 240 | 11705.55 | 1234.00 | 0.0026700 |   597  | -3567.00 | 0.0041100 |   207  | Correct
 240 | 11705.55 | 1234.00 | 0.0026700 |   597  | -3567.00 | 0.0041100 |   404  | Correct
 240 | 11705.55 | 1234.00 | 0.0026700 |   597  | -6534.00 | 0.0009600 |   224  | Correct
 240 | 11705.55 | 1234.00 | 0.0026700 |   597  | -6534.00 | 0.0009600 |   403  | Correct
 240 | 11705.55 | 1234.00 | 0.0026700 |   597  | -6534.00 | 0.0040700 |   207  | Correct
 240 | 11705.55 | 1234.00 | 0.0026700 |   597  | -6534.00 | 0.0040700 |   406  | Correct
 240 | 11705.55 | 1234.00 | 0.0026700 |   610  | -3567.00 | 0.0003200 |   233  | Correct
 240 | 11705.55 | 1234.00 | 0.0026700 |   610  | -3567.00 | 0.0003200 |   373  | Correct
 240 | 11705.55 | 1234.00 | 0.0026700 |   610  | -3567.00 | 0.0047600 |   223  | Correct
 240 | 11705.55 | 1234.00 | 0.0026700 |   610  | -3567.00 | 0.0047600 |   380  | Correct
 240 | 11705.55 | 1234.00 | 0.0026700 |   610  | -6534.00 | 0.0006700 |   218  | Correct
 240 | 11705.55 | 1234.00 | 0.0026700 |   610  | -6534.00 | 0.0006700 |   390  | Correct
 240 | 11705.55 | 1234.00 | 0.0026700 |   610  | -6534.00 | 0.0040800 |   218  | Correct
 240 | 11705.55 | 1234.00 | 0.0026700 |   610  | -6534.00 | 0.0040800 |   408  | Correct
 240 | 11705.55 | 1234.00 | 0.0056700 |   597  | -3567.00 | 0.0006200 |   219  | Correct
 240 | 11705.55 | 1234.00 | 0.0056700 |   597  | -3567.00 | 0.0006200 |   406  | Correct
 240 | 11705.55 | 1234.00 | 0.0056700 |   597  | -3567.00 | 0.0041000 |   229  | Correct
 240 | 11705.55 | 1234.00 | 0.0056700 |   597  | -3567.00 | 0.0041000 |   374  | Correct
 240 | 11705.55 | 1234.00 | 0.0056700 |   597  | -6534.00 | 0.0002100 |   224  | Correct
 240 | 11705.55 | 1234.00 | 0.0056700 |   597  | -6534.00 | 0.0002100 |   383  | Correct
 240 | 11705.55 | 1234.00 | 0.0056700 |   597  | -6534.00 | 0.0040800 |   204  | Correct
 240 | 11705.55 | 1234.00 | 0.0056700 |   597  | -6534.00 | 0.0040800 |   397  | Correct
 240 | 11705.55 | 1234.00 | 0.0056700 |   596  | -3567.00 | 0.0003100 |   226  | Correct
 240 | 11705.55 | 1234.00 | 0.0056700 |   596  | -3567.00 | 0.0003100 |   398  | Correct
 240 | 11705.55 | 1234.00 | 0.0056700 |   596  | -3567.00 | 0.0043400 |   210  | Correct
 240 | 11705.55 | 1234.00 | 0.0056700 |   596  | -3567.00 | 0.0043400 |   371  | Correct
 240 | 11705.55 | 1234.00 | 0.0056700 |   596  | -6534.00 | 0.0007600 |   229  | Correct
 240 | 11705.55 | 1234.00 | 0.0056700 |   596  | -6534.00 | 0.0007600 |   390  | Correct
 240 | 11705.55 | 1234.00 | 0.0056700 |   596  | -6534.00 | 0.0040400 |   229  | Correct
 240 | 11705.55 | 1234.00 | 0.0056700 |   596  | -6534.00 | 0.0040400 |   380  | Correct
 240 | 11705.55 | 3646.00 | 0.0026700 |   597  | -3567.00 | 0.0003200 |   206  | Correct
 240 | 11705.55 | 3646.00 | 0.0026700 |   597  | -3567.00 | 0.0003200 |   401  | Correct
 240 | 11705.55 | 3646.00 | 0.0026700 |   597  | -3567.00 | 0.0042200 |   233  | Correct
 240 | 11705.55 | 3646.00 | 0.0026700 |   597  | -3567.00 | 0.0042200 |   385  | Correct
 240 | 11705.55 | 3646.00 | 0.0026700 |   597  | -6534.00 | 0.0009300 |   221  | Correct
 240 | 11705.55 | 3646.00 | 0.0026700 |   597  | -6534.00 | 0.0009300 |   394  | Correct
 240 | 11705.55 | 3646.00 | 0.0026700 |   597  | -6534.00 | 0.0041400 |   208  | Correct
 240 | 11705.55 | 3646.00 | 0.0026700 |   597  | -6534.00 | 0.0041400 |   398  | Correct
 240 | 11705.55 | 3646.00 | 0.0026700 |   596  | -3567.00 | 0.0006000 |   219  | Correct
 240 | 11705.55 | 3646.00 | 0.0026700 |   596  | -3567.00 | 0.0006000 |   394  | Correct
 240 | 11705.55 | 3646.00 | 0.0026700 |   596  | -3567.00 | 0.0040700 |   225  | Correct
 240 | 11705.55 | 3646.00 | 0.0026700 |   596  | -3567.00 | 0.0040700 |   406  | Correct
 240 | 11705.55 | 3646.00 | 0.0026700 |   596  | -6534.00 | 0.0003100 |   223  | Correct
 240 | 11705.55 | 3646.00 | 0.0026700 |   596  | -6534.00 | 0.0003100 |   389  | Correct
 240 | 11705.55 | 3646.00 | 0.0026700 |   596  | -6534.00 | 0.0049500 |   206  | Correct
 240 | 11705.55 | 3646.00 | 0.0026700 |   596  | -6534.00 | 0.0049500 |   379  | Correct
 240 | 11705.55 | 3646.00 | 0.0056700 |   597  | -3567.00 | 0.0003000 |   208  | Correct
 240 | 11705.55 | 3646.00 | 0.0056700 |   597  | -3567.00 | 0.0003000 |   377  | Correct
 240 | 11705.55 | 3646.00 | 0.0056700 |   597  | -3567.00 | 0.0047800 |   228  | Correct
 240 | 11705.55 | 3646.00 | 0.0056700 |   597  | -3567.00 | 0.0047800 |   391  | Correct
 240 | 11705.55 | 3646.00 | 0.0056700 |   597  | -6534.00 | 0.0009700 |   229  | Correct
 240 | 11705.55 | 3646.00 | 0.0056700 |   597  | -6534.00 | 0.0009700 |   381  | Correct
 240 | 11705.55 | 3646.00 | 0.0056700 |   597  | -6534.00 | 0.0046000 |   225  | Correct
 240 | 11705.55 | 3646.00 | 0.0056700 |   597  | -6534.00 | 0.0046000 |   396  | Correct
 240 | 11705.55 | 3646.00 | 0.0056700 |   611  | -3567.00 | 0.0001300 |   204  | Correct
 240 | 11705.55 | 3646.00 | 0.0056700 |   611  | -3567.00 | 0.0001300 |   407  | Correct
 240 | 11705.55 | 3646.00 | 0.0056700 |   611  | -3567.00 | 0.0048400 |   230  | Correct
 240 | 11705.55 | 3646.00 | 0.0056700 |   611  | -3567.00 | 0.0048400 |   406  | Correct
 240 | 11705.55 | 3646.00 | 0.0056700 |   611  | -6534.00 | 0.0009000 |   230  | Correct
 240 | 11705.55 | 3646.00 | 0.0056700 |   611  | -6534.00 | 0.0009000 |   406  | Correct
 240 | 11705.55 | 3646.00 | 0.0056700 |   611  | -6534.00 | 0.0049000 |   224  | Correct
 240 | 11705.55 | 3646.00 | 0.0056700 |   611  | -6534.00 | 0.0049000 |   372  | Correct
 345 |     0.00 | 1234.00 | 0.0026700 |   597  | -3567.00 | 0.0003000 |   225  | Correct
 345 |     0.00 | 1234.00 | 0.0026700 |   597  | -3567.00 | 0.0003000 |   402  | Correct
 345 |     0.00 | 1234.00 | 0.0026700 |   597  | -3567.00 | 0.0043600 |   228  | Correct
 345 |     0.00 | 1234.00 | 0.0026700 |   597  | -3567.00 | 0.0043600 |   375  | Correct
 345 |     0.00 | 1234.00 | 0.0026700 |   597  | -6534.00 | 0.0001500 |   229  | Correct
 345 |     0.00 | 1234.00 | 0.0026700 |   597  | -6534.00 | 0.0001500 |   387  | Correct
 345 |     0.00 | 1234.00 | 0.0026700 |   597  | -6534.00 | 0.0046500 |   213  | Correct
 345 |     0.00 | 1234.00 | 0.0026700 |   597  | -6534.00 | 0.0046500 |   384  | Correct
 345 |     0.00 | 1234.00 | 0.0026700 |   586  | -3567.00 | 0.0006200 |   233  | Correct
 345 |     0.00 | 1234.00 | 0.0026700 |   586  | -3567.00 | 0.0006200 |   388  | Correct
 345 |     0.00 | 1234.00 | 0.0026700 |   586  | -3567.00 | 0.0044100 |   224  | Correct
 345 |     0.00 | 1234.00 | 0.0026700 |   586  | -3567.00 | 0.0044100 |   405  | Correct
 345 |     0.00 | 1234.00 | 0.0026700 |   586  | -6534.00 | 0.0007300 |   221  | Correct
 345 |     0.00 | 1234.00 | 0.0026700 |   586  | -6534.00 | 0.0007300 |   409  | Correct
 345 |     0.00 | 1234.00 | 0.0026700 |   586  | -6534.00 | 0.0043200 |   228  | Correct
 345 |     0.00 | 1234.00 | 0.0026700 |   586  | -6534.00 | 0.0043200 |   373  | Correct
 345 |     0.00 | 1234.00 | 0.0056700 |   597  | -3567.00 | 0.0001000 |   222  | Correct
 345 |     0.00 | 1234.00 | 0.0056700 |   597  | -3567.00 | 0.0001000 |   371  | Correct
 345 |     0.00 | 1234.00 | 0.0056700 |   597  | -3567.00 | 0.0042200 |   204  | Correct
 345 |     0.00 | 1234.00 | 0.0056700 |   597  | -3567.00 | 0.0042200 |   391  | Correct
 345 |     0.00 | 1234.00 | 0.0056700 |   597  | -6534.00 | 0.0007600 |   214  | Correct
 345 |     0.00 | 1234.00 | 0.0056700 |   597  | -6534.00 | 0.0007600 |   373  | Correct
 345 |     0.00 | 1234.00 | 0.0056700 |   597  | -6534.00 | 0.0044800 |   230  | Correct
 345 |     0.00 | 1234.00 | 0.0056700 |   597  | -6534.00 | 0.0044800 |   403  | Correct
 345 |     0.00 | 1234.00 | 0.0056700 |   606  | -3567.00 | 0.0001700 |   205  | Correct
 345 |     0.00 | 1234.00 | 0.0056700 |   606  | -3567.00 | 0.0001700 |   407  | Correct
 345 |     0.00 | 1234.00 | 0.0056700 |   606  | -3567.00 | 0.0047700 |   223  | Correct
 345 |     0.00 | 1234.00 | 0.0056700 |   606  | -3567.00 | 0.0047700 |   401  | Correct
 345 |     0.00 | 1234.00 | 0.0056700 |   606  | -6534.00 | 0.0002000 |   212  | Correct
 345 |     0.00 | 1234.00 | 0.0056700 |   606  | -6534.00 | 0.0002000 |   375  | Correct
 345 |     0.00 | 1234.00 | 0.0056700 |   606  | -6534.00 | 0.0049300 |   226  | Correct
 345 |     0.00 | 1234.00 | 0.0056700 |   606  | -6534.00 | 0.0049300 |   373  | Correct
 345 |     0.00 | 3286.00 | 0.0026700 |   597  | -3567.00 | 0.0003900 |   230  | Correct
 345 |     0.00 | 3286.00 | 0.0026700 |   597  | -3567.00 | 0.0003900 |   374  | Correct
 345 |     0.00 | 3286.00 | 0.0026700 |   597  | -3567.00 | 0.0043500 |   204  | Correct
 345 |     0.00 | 3286.00 | 0.0026700 |   597  | -3567.00 | 0.0043500 |   400  | Correct
 345 |     0.00 | 3286.00 | 0.0026700 |   597  | -6534.00 | 0.0000500 |   211  | Correct
 345 |     0.00 | 3286.00 | 0.0026700 |   597  | -6534.00 | 0.0000500 |   407  | Correct
 345 |     0.00 | 3286.00 | 0.0026700 |   597  | -6534.00 | 0.0045700 |   206  | Correct
 345 |     0.00 | 3286.00 | 0.0026700 |   597  | -6534.00 | 0.0045700 |   384  | Correct
 345 |     0.00 | 3286.00 | 0.0026700 |   608  | -3567.00 | 0.0004800 |   212  | Correct
 345 |     0.00 | 3286.00 | 0.0026700 |   608  | -3567.00 | 0.0004800 |   391  | Correct
 345 |     0.00 | 3286.00 | 0.0026700 |   608  | -3567.00 | 0.0046600 |   226  | Correct
 345 |     0.00 | 3286.00 | 0.0026700 |   608  | -3567.00 | 0.0046600 |   379  | Correct
 345 |     0.00 | 3286.00 | 0.0026700 |   608  | -6534.00 | 0.0001400 |   208  | Correct
 345 |     0.00 | 3286.00 | 0.0026700 |   608  | -6534.00 | 0.0001400 |   394  | Correct
 345 |     0.00 | 3286.00 | 0.0026700 |   608  | -6534.00 | 0.0040100 |   216  | Correct
 345 |     0.00 | 3286.00 | 0.0026700 |   608  | -6534.00 | 0.0040100 |   379  | Correct
 345 |     0.00 | 3286.00 | 0.0056700 |   597  | -3567.00 | 0.0001200 |   220  | Correct
 345 |     0.00 | 3286.00 | 0.0056700 |   597  | -3567.00 | 0.0001200 |   396  | Correct
 345 |     0.00 | 3286.00 | 0.0056700 |   597  | -3567.00 | 0.0041500 |   220  | Correct
 345 |     0.00 | 3286.00 | 0.0056700 |   597  | -3567.00 | 0.0041500 |   371  | Correct
 345 |     0.00 | 3286.00 | 0.0056700 |   597  | -6534.00 | 0.0005600 |   220  | Correct
 345 |     0.00 | 3286.00 | 0.0056700 |   597  | -6534.00 | 0.0005600 |   377  | Correct
 345 |     0.00 | 3286.00 | 0.0056700 |   597  | -6534.00 | 0.0042000 |   231  | Correct
 345 |     0.00 | 3286.00 | 0.0056700 |   597  | -6534.00 | 0.0042000 |   403  | Correct
 345 |     0.00 | 3286.00 | 0.0056700 |   613  | -3567.00 | 0.0000100 |   209  | Correct
 345 |     0.00 | 3286.00 | 0.0056700 |   613  | -3567.00 | 0.0000100 |   401  | Correct
 345 |     0.00 | 3286.00 | 0.0056700 |   613  | -3567.00 | 0.0048600 |   206  | Correct
 345 |     0.00 | 3286.00 | 0.0056700 |   613  | -3567.00 | 0.0048600 |   371  | Correct
 345 |     0.00 | 3286.00 | 0.0056700 |   613  | -6534.00 | 0.0000000 |   228  | Correct
 345 |     0.00 | 3286.00 | 0.0056700 |   613  | -6534.00 | 0.0000000 |   379  | Correct
 345 |     0.00 | 3286.00 | 0.0056700 |   613  | -6534.00 | 0.0043400 |   222  | Correct
 345 |     0.00 | 3286.00 | 0.0056700 |   613  | -6534.00 | 0.0043400 |   403  | Correct
 345 |  7051.10 | 1234.00 | 0.0026700 |   597  | -3567.00 | 0.0004600 |   232  | Correct
 345 |  7051.10 | 1234.00 | 0.0026700 |   597  | -3567.00 | 0.0004600 |   408  | Correct
 345 |  7051.10 | 1234.00 | 0.0026700 |   597  | -3567.00 | 0.0045100 |   220  | Correct
 345 |  7051.10 | 1234.00 | 0.0026700 |   597  | -3567.00 | 0.0045100 |   393  | Correct
 345 |  7051.10 | 1234.00 | 0.0026700 |   597  | -6534.00 | 0.0003800 |   222  | Correct
 345 |  7051.10 | 1234.00 | 0.0026700 |   597  | -6534.00 | 0.0003800 |   400  | Correct
 345 |  7051.10 | 1234.00 | 0.0026700 |   597  | -6534.00 | 0.0044500 |   219  | Correct
 345 |  7051.10 | 1234.00 | 0.0026700 |   597  | -6534.00 | 0.0044500 |   407  | Correct
 345 |  7051.10 | 1234.00 | 0.0026700 |   589  | -3567.00 | 0.0001800 |   230  | Correct
 345 |  7051.10 | 1234.00 | 0.0026700 |   589  | -3567.00 | 0.0001800 |   399  | Correct
 345 |  7051.10 | 1234.00 | 0.0026700 |   589  | -3567.00 | 0.0042100 |   219  | Correct
 345 |  7051.10 | 1234.00 | 0.0026700 |   589  | -3567.00 | 0.0042100 |   373  | Correct
 345 |  7051.10 | 1234.00 | 0.0026700 |   589  | -6534.00 | 0.0009500 |   206  | Correct
 345 |  7051.10 | 1234.00 | 0.0026700 |   589  | -6534.00 | 0.0009500 |   383  | Correct
 345 |  7051.10 | 1234.00 | 0.0026700 |   589  | -6534.00 | 0.0042500 |   208  | Correct
 345 |  7051.10 | 1234.00 | 0.0026700 |   589  | -6534.00 | 0.0042500 |   396  | Correct
 345 |  7051.10 | 1234.00 | 0.0056700 |   597  | -3567.00 | 0.0003300 |   219  | Correct
 345 |  7051.10 | 1234.00 | 0.0056700 |   597  | -3567.00 | 0.0003300 |   377  | Correct
 345 |  7051.10 | 1234.00 | 0.0056700 |   597  | -3567.00 | 0.0041100 |   217  | Correct
 345 |  7051.10 | 1234.00 | 0.0056700 |   597  | -3567.00 | 0.0041100 |   380  | Correct
 345 |  7051.10 | 1234.00 | 0.0056700 |   597  | -6534.00 | 0.0009400 |   217  | Correct
 345 |  7051.10 | 1234.00 | 0.0056700 |   597  | -6534.00 | 0.0009400 |   390  | Correct
 345 |  7051.10 | 1234.00 | 0.0056700 |   597  | -6534.00 | 0.0040900 |   209  | Correct
 345 |  7051.10 | 1234.00 | 0.0056700 |   597  | -6534.00 | 0.0040900 |   371  | Correct
 345 |  7051.10 | 1234.00 | 0.0056700 |   587  | -3567.00 | 0.0009500 |   230  | Correct
 345 |  7051.10 | 1234.00 | 0.0056700 |   587  | -3567.00 | 0.0009500 |   393  | Correct
 345 |  7051.10 | 1234.00 | 0.0056700 |   587  | -3567.00 | 0.0045600 |   233  | Correct
 345 |  7051.10 | 1234.00 | 0.0056700 |   587  | -3567.00 | 0.0045600 |   378  | Correct
 345 |  7051.10 | 1234.00 | 0.0056700 |   587  | -6534.00 | 0.0004600 |   207  | Correct
 345 |  7051.10 | 1234.00 | 0.0056700 |   587  | -6534.00 | 0.0004600 |   392  | Correct
 345 |  7051.10 | 1234.00 | 0.0056700 |   587  | -6534.00 | 0.0040100 |   208  | Correct
 345 |  7051.10 | 1234.00 | 0.0056700 |   587  | -6534.00 | 0.0040100 |   370  | Correct
 345 |  7051.10 | 2735.00 | 0.0026700 |   597  | -3567.00 | 0.0005700 |   217  | Correct
 345 |  7051.10 | 2735.00 | 0.0026700 |   597  | -3567.00 | 0.0005700 |   386  | Correct
 345 |  7051.10 | 2735.00 | 0.0026700 |   597  | -3567.00 | 0.0042600 |   228  | Correct
 345 |  7051.10 | 2735.00 | 0.0026700 |   597  | -3567.00 | 0.0042600 |   387  | Correct
 345 |  7051.10 | 2735.00 | 0.0026700 |   597  | -6534.00 | 0.0009100 |   209  | Correct
 345 |  7051.10 | 2735.00 | 0.0026700 |   597  | -6534.00 | 0.0009100 |   381  | Correct
 345 |  7051.10 | 2735.00 | 0.0026700 |   597  | -6534.00 | 0.0041700 |   211  | Correct
 345 |  7051.10 | 2735.00 | 0.0026700 |   597  | -6534.00 | 0.0041700 |   396  | Correct
 345 |  7051.10 | 2735.00 | 0.0026700 |   592  | -3567.00 | 0.0006100 |   218  | Correct
 345 |  7051.10 | 2735.00 | 0.0026700 |   592  | -3567.00 | 0.0006100 |   387  | Correct
 345 |  7051.10 | 2735.00 | 0.0026700 |   592  | -3567.00 | 0.0041800 |   211  | Correct
 345 |  7051.10 | 2735.00 | 0.0026700 |   592  | -3567.00 | 0.0041800 |   399  | Correct
 345 |  7051.10 | 2735.00 | 0.0026700 |   592  | -6534.00 | 0.0006800 |   220  | Correct
 345 |  7051.10 | 2735.00 | 0.0026700 |   592  | -6534.00 | 0.0006800 |   396  | Correct
 345 |  7051.10 | 2735.00 | 0.0026700 |   592  | -6534.00 | 0.0040800 |   226  | Correct
 345 |  7051.10 | 2735.00 | 0.0026700 |   592  | -6534.00 | 0.0040800 |   394  | Correct
 345 |  7051.10 | 2735.00 | 0.0056700 |   597  | -3567.00 | 0.0008100 |   217  | Correct
 345 |  7051.10 | 2735.00 | 0.0056700 |   597  | -3567.00 | 0.0008100 |   384  | Correct
 345 |  7051.10 | 2735.00 | 0.0056700 |   597  | -3567.00 | 0.0046900 |   226  | Correct
 345 |  7051.10 | 2735.00 | 0.0056700 |   597  | -3567.00 | 0.0046900 |   376  | Correct
 345 |  7051.10 | 2735.00 | 0.0056700 |   597  | -6534.00 | 0.0003700 |   213  | Correct
 345 |  7051.10 | 2735.00 | 0.0056700 |   597  | -6534.00 | 0.0003700 |   376  | Correct
 345 |  7051.10 | 2735.00 | 0.0056700 |   597  | -6534.00 | 0.0043000 |   230  | Correct
 345 |  7051.10 | 2735.00 | 0.0056700 |   597  | -6534.00 | 0.0043000 |   404  | Correct
 345 |  7051.10 | 2735.00 | 0.0056700 |   608  | -3567.00 | 0.0005400 |   226  | Correct
 345 |  7051.10 | 2735.00 | 0.0056700 |   608  | -3567.00 | 0.0005400 |   386  | Correct
 345 |  7051.10 | 2735.00 | 0.0056700 |   608  | -3567.00 | 0.0046300 |   223  | Correct
 345 |  7051.10 | 2735.00 | 0.0056700 |   608  | -3567.00 | 0.0046300 |   386  | Correct
 345 |  7051.10 | 2735.00 | 0.0056700 |   608  | -6534.00 | 0.0004500 |   209  | Correct
 345 |  7051.10 | 2735.00 | 0.0056700 |   608  | -6534.00 | 0.0004500 |   388  | Correct
 345 |  7051.10 | 2735.00 | 0.0056700 |   608  | -6534.00 | 0.0040100 |   229  | Correct
 345 |  7051.10 | 2735.00 | 0.0056700 |   608  | -6534.00 | 0.0040100 |   377  | Correct

Overall Grade: A
